-2.10465273580628 -2.19337693744817 0.144553319367404
-2.3974334875593 -1.92941289056814 -0.224872426391702
-1.70091799215965 -1.53879951204478 -0.794368756834742
-2.00706158585797 -2.10465273580628 -2.19337693744817
-2.74794532914245 -2.3974334875593 -1.92941289056814
-2.12085884922027 -1.70091799215965 -1.53879951204478
-1.25522129841644 -2.00706158585797 -2.10465273580628
-0.563306113287973 -2.74794532914245 -2.3974334875593
-1.74573525682206 -2.12085884922027 -1.70091799215965
4.14826965720905e-2 -1.25522129841644 -2.00706158585797
-1.09876860989771 -0.563306113287973 -2.74794532914245
-0.872090533688379 -1.74573525682206 -2.12085884922027
-1.51087052104457 4.14826965720905e-2 -1.25522129841644
-2.06817984754221 -1.09876860989771 -0.563306113287973
-2.60646786254577 -0.872090533688379 -1.74573525682206
-2.30168629400925 -1.51087052104457 4.14826965720905e-2
-1.519556579736 -2.06817984754221 -1.09876860989771
-2.67347370472382 -2.60646786254577 -0.872090533688379
-3.14552696163064 -2.30168629400925 -1.51087052104457
-2.75918444841828 -1.519556579736 -2.06817984754221
-2.4272242138856 -2.67347370472382 -2.60646786254577
-1.75153140953548 -3.14552696163064 -2.30168629400925
-1.99369915862457 -2.75918444841828 -1.519556579736
-1.67620495976002 -2.4272242138856 -2.67347370472382
-0.342804764576906 -1.75153140953548 -3.14552696163064
-1.62672352941806 -1.99369915862457 -2.75918444841828
-3.81438281781392 -1.67620495976002 -2.4272242138856
-3.78334917525914 -0.342804764576906 -1.75153140953548
-1.29566709307184 -1.62672352941806 -1.99369915862457
-1.31811098565976 -3.81438281781392 -1.67620495976002
-1.28367751473026 -3.78334917525914 -0.342804764576906
-1.04120829579616 -1.29566709307184 -1.62672352941806
0.674611499331717 -1.31811098565976 -3.81438281781392
-1.12292850321359e-2 -1.28367751473026 -3.78334917525914
-0.752802604941374 -1.04120829579616 -1.29566709307184
-1.42259402940389 0.674611499331717 -1.31811098565976
-2.6999077998933 -1.12292850321359e-2 -1.28367751473026
-3.98857811789391 -0.752802604941374 -1.04120829579616
-4.28171071134839 -1.42259402940389 0.674611499331717
-4.50217905503579 -2.6999077998933 -1.12292850321359e-2
-4.28027758617415 -3.98857811789391 -0.752802604941374
-2.90155738235919 -4.28171071134839 -1.42259402940389
-2.91641291411526 -4.50217905503579 -2.6999077998933
-4.31238803789887 -4.28027758617415 -3.98857811789391
-4.80982134863589 -2.90155738235919 -4.28171071134839
-5.47443110983806 -2.91641291411526 -4.50217905503579
-7.4765294524832 -4.31238803789887 -4.28027758617415
-5.82425081865009 -4.80982134863589 -2.90155738235919
-5.59363991768973 -5.47443110983806 -2.91641291411526
-5.69451460486251 -7.4765294524832 -4.31238803789887
-5.11136372854887 -5.82425081865009 -4.80982134863589
-5.48952482722897 -5.59363991768973 -5.47443110983806
-5.72154447821518 -5.69451460486251 -7.4765294524832
-7.01988557789559 -5.11136372854887 -5.82425081865009
-7.06493939388214 -5.48952482722897 -5.59363991768973
-6.69828011148658 -5.72154447821518 -5.69451460486251
-6.83463884006906 -7.01988557789559 -5.11136372854887
-6.39604673980453 -7.06493939388214 -5.48952482722897
-4.53345382804502 -6.69828011148658 -5.72154447821518
-2.76509827169599 -6.83463884006906 -7.01988557789559
-3.70953136703187 -6.39604673980453 -7.06493939388214
-2.0847211332795 -4.53345382804502 -6.69828011148658
-0.903809245460764 -2.76509827169599 -6.83463884006906
-0.385948450292869 -3.70953136703187 -6.39604673980453
-0.169023608996974 -2.0847211332795 -4.53345382804502
0.340452687144544 -0.903809245460764 -2.76509827169599
1.42250555823632 -0.385948450292869 -3.70953136703187
2.04744850520958 -0.169023608996974 -2.0847211332795
1.40702733595471 0.340452687144544 -0.903809245460764
1.00710700659488 1.42250555823632 -0.385948450292869
0.401645327583103 2.04744850520958 -0.169023608996974
0.359946140642199 1.40702733595471 0.340452687144544
-0.784010217067936 1.00710700659488 1.42250555823632
-0.911525955649642 0.401645327583103 2.04744850520958
-1.18408088135928 0.359946140642199 1.40702733595471
-1.35827339075804 -0.784010217067936 1.00710700659488
-2.33376621268424 -0.911525955649642 0.401645327583103
-2.39577065029881 -1.18408088135928 0.359946140642199
-1.97842756118584 -1.35827339075804 -0.784010217067936
-1.62244346396767 -2.33376621268424 -0.911525955649642
-1.61459355965067 -2.39577065029881 -1.18408088135928
-0.870276977952768 -1.97842756118584 -1.35827339075804
-1.45245710161058 -1.62244346396767 -2.33376621268424
0.136817271020069 -1.61459355965067 -2.39577065029881
0.819780807442323 -0.870276977952768 -1.97842756118584
-0.219316983097839 -1.45245710161058 -1.62244346396767
0.217985425731112 0.136817271020069 -1.61459355965067
0.535697572135073 0.819780807442323 -0.870276977952768
1.72183623883162 -0.219316983097839 -1.45245710161058
1.58291062214798 0.217985425731112 0.136817271020069
0.439075895200353 0.535697572135073 0.819780807442323
-5.31638164859278e-2 1.72183623883162 -0.219316983097839
0.162570736328952 1.58291062214798 0.217985425731112
1.37997776245237 0.439075895200353 0.535697572135073
0.909947929359144 -5.31638164859278e-2 1.72183623883162
1.90991019962629 0.162570736328952 1.58291062214798
1.67871544859163 1.37997776245237 0.439075895200353
1.48723446890008 0.909947929359144 -5.31638164859278e-2
2.79766479202236 1.90991019962629 0.162570736328952
2.49854208694185 1.67871544859163 1.37997776245237
2.44792375132206 1.48723446890008 0.909947929359144
1.93619841504416 2.79766479202236 1.90991019962629
0.989524376091391 2.49854208694185 1.67871544859163
1.11212557401829 2.44792375132206 1.48723446890008
2.0168949812744 1.93619841504416 2.79766479202236
2.63794857157159 0.989524376091391 2.49854208694185
1.86568855867643 1.11212557401829 2.44792375132206
1.66899671710232 2.0168949812744 1.93619841504416
0.359074588910838 2.63794857157159 0.989524376091391
1.18120970854393 1.86568855867643 1.11212557401829
0.661508809503602 1.66899671710232 2.0168949812744
1.21792287485016 0.359074588910838 2.63794857157159
1.16051509957373 1.18120970854393 1.86568855867643
-0.818010638027822 0.661508809503602 1.66899671710232
1.04428768334209 1.21792287485016 0.359074588910838
2.00106914949571 1.16051509957373 1.18120970854393
3.69339990024083 -0.818010638027822 0.661508809503602
4.31822343742806 1.04428768334209 1.21792287485016
2.00023690689533 2.00106914949571 1.16051509957373
-1.95270716804317e-2 3.69339990024083 -0.818010638027822
-0.194911257597054 4.31822343742806 1.04428768334209
1.5735720431036 2.00023690689533 2.00106914949571
1.76565769220219 -1.95270716804317e-2 3.69339990024083
1.54591098261379 -0.194911257597054 4.31822343742806
1.59610931825182 1.5735720431036 2.00023690689533
1.25575613850205 1.76565769220219 -1.95270716804317e-2
-0.184329127769309 1.54591098261379 -0.194911257597054
-3.60619596344511e-3 1.59610931825182 1.5735720431036
-1.0358965229896 1.25575613850205 1.76565769220219
-0.209226437778822 -0.184329127769309 1.54591098261379
0.63483897540545 -3.60619596344511e-3 1.59610931825182
-5.470177098728e-2 -1.0358965229896 1.25575613850205
-1.43251395333373 -0.209226437778822 -0.184329127769309
-2.74110273733517 0.63483897540545 -3.60619596344511e-3
-2.28310834271535 -5.470177098728e-2 -1.0358965229896
-0.794021094192836 -1.43251395333373 -0.209226437778822
0.351828112830271 -2.74110273733517 0.63483897540545
7.34620122046423e-2 -2.28310834271535 -5.470177098728e-2
-0.902712413770828 -0.794021094192836 -1.43251395333373
0.590873073817662 0.351828112830271 -2.74110273733517
0.951081866610953 7.34620122046423e-2 -2.28310834271535
0.106984857225648 -0.902712413770828 -0.794021094192836
1.89519048082911 0.590873073817662 0.351828112830271
2.32330393102382 0.951081866610953 7.34620122046423e-2
2.26490521784017 0.106984857225648 -0.902712413770828
1.66037083245109 1.89519048082911 0.590873073817662
1.60264785946239 2.32330393102382 0.951081866610953
0.831682836433387 2.26490521784017 0.106984857225648
1.51557773710731e-2 1.66037083245109 1.89519048082911
-5.11211803715016e-2 1.60264785946239 2.32330393102382
1.05754608877206 0.831682836433387 2.26490521784017
1.1134704952165 1.51557773710731e-2 1.66037083245109
1.2585755834172 -5.11211803715016e-2 1.60264785946239
0.173711288967117 1.05754608877206 0.831682836433387
1.34425912309764 1.1134704952165 1.51557773710731e-2
0.272002705024773 1.2585755834172 -5.11211803715016e-2
2.05172833777918 0.173711288967117 1.05754608877206
2.30673446646337 1.34425912309764 1.1134704952165
2.89287630889565 0.272002705024773 1.2585755834172
1.38936699691625 2.05172833777918 0.173711288967117
0.846816813357926 2.30673446646337 1.34425912309764
0.437789776453308 2.89287630889565 0.272002705024773
-0.493386008106502 1.38936699691625 2.05172833777918
0.617000209990627 0.846816813357926 2.30673446646337
1.97905458717939 0.437789776453308 2.89287630889565
2.90307478266207 -0.493386008106502 1.38936699691625
2.75339798554643 0.617000209990627 0.846816813357926
2.65286212214782 1.97905458717939 0.437789776453308
2.86484889968291 2.90307478266207 -0.493386008106502
3.42923837486269 2.75339798554643 0.617000209990627
3.63403406991734 2.65286212214782 1.97905458717939
4.07315220729928 2.86484889968291 2.90307478266207
3.91002985779454 3.42923837486269 2.75339798554643
2.02909350909484 3.63403406991734 2.65286212214782
1.88753892794968 4.07315220729928 2.86484889968291
3.16395758315432 3.91002985779454 3.42923837486269
4.36108755651124 2.02909350909484 3.63403406991734
5.11070574023865 1.88753892794968 4.07315220729928
6.54822511012941 3.16395758315432 3.91002985779454
5.38113524374388 4.36108755651124 2.02909350909484
4.58855366083236 5.11070574023865 1.88753892794968
4.50473349179261 6.54822511012941 3.16395758315432
4.72220381379152 5.38113524374388 4.36108755651124
2.69556824338752 4.58855366083236 5.11070574023865
1.35772625726455 4.50473349179261 6.54822511012941
1.70083213372039 4.72220381379152 5.38113524374388
-7.82560915713598e-2 2.69556824338752 4.58855366083236
0.203091118640608 1.35772625726455 4.50473349179261
-1.65566147477312 1.70083213372039 4.72220381379152
-0.252292568812406 -7.82560915713598e-2 2.69556824338752
1.87793360173699 0.203091118640608 1.35772625726455
0.614883841522926 -1.65566147477312 1.70083213372039
2.05905191369344 -0.252292568812406 -7.82560915713598e-2
3.19145215248464 1.87793360173699 0.203091118640608
3.26823085125315 0.614883841522926 -1.65566147477312
3.39389844372608 2.05905191369344 -0.252292568812406
3.89366855615179 3.19145215248464 1.87793360173699
3.49104256417318 3.26823085125315 0.614883841522926
4.65389799760269 3.39389844372608 2.05905191369344
4.21422727448986 3.89366855615179 3.19145215248464
3.50592168118069 3.49104256417318 3.26823085125315
4.58175148460287 4.65389799760269 3.39389844372608
3.56492582977509 4.21422727448986 3.89366855615179
4.13782726994257 3.50592168118069 3.49104256417318
3.39601894693864 4.58175148460287 4.65389799760269
4.41265820719873 3.56492582977509 4.21422727448986
4.76103499158341 4.13782726994257 3.50592168118069
4.46977013147204 3.39601894693864 4.58175148460287
3.38607351818607 4.41265820719873 3.56492582977509
2.52434345313001 4.76103499158341 4.13782726994257
2.65961681151916 4.46977013147204 3.39601894693864
1.69746562018274 3.38607351818607 4.41265820719873
1.28184969697645 2.52434345313001 4.76103499158341
2.8657388108937 2.65961681151916 4.46977013147204
1.95667437704279 1.69746562018274 3.38607351818607
1.61555623211779 1.28184969697645 2.52434345313001
0.980945005064633 2.8657388108937 2.65961681151916
2.34114837102583 1.95667437704279 1.69746562018274
4.34925673974754 1.61555623211779 1.28184969697645
5.00180917116519 0.980945005064633 2.8657388108937
4.22973801519877 2.34114837102583 1.95667437704279
3.4511163344016 4.34925673974754 1.61555623211779
3.0361796273247 5.00180917116519 0.980945005064633
3.14942488617399 4.22973801519877 2.34114837102583
1.32262882433358 3.4511163344016 4.34925673974754
2.89920936223372 3.0361796273247 5.00180917116519
2.54070541555869 3.14942488617399 4.22973801519877
1.38005197130117 1.32262882433358 3.4511163344016
2.71905637983756 2.89920936223372 3.0361796273247
2.22240737339083 2.54070541555869 3.14942488617399
1.27177292711993 1.38005197130117 1.32262882433358
0.472358201809554 2.71905637983756 2.89920936223372
0.388237078241795 2.22240737339083 2.54070541555869
-0.460355343201908 1.27177292711993 1.38005197130117
-1.0710222961438 0.472358201809554 2.71905637983756
-2.07336394163867 0.388237078241795 2.22240737339083
-3.10804213765452 -0.460355343201908 1.27177292711993
-2.6795896828588 -1.0710222961438 0.472358201809554
-2.34190059428992 -2.07336394163867 0.388237078241795
-2.6435122188924 -3.10804213765452 -0.460355343201908
-2.41143729340217 -2.6795896828588 -1.0710222961438
-2.80643787239856 -2.34190059428992 -2.07336394163867
-1.9889880393299 -2.6435122188924 -3.10804213765452
-0.585922759315923 -2.41143729340217 -2.6795896828588
-1.3456405438179 -2.80643787239856 -2.34190059428992
-2.44269618861016 -1.9889880393299 -2.6435122188924
-3.73794770902212 -0.585922759315923 -2.41143729340217
-3.33372122263482 -1.3456405438179 -2.80643787239856
-4.57022573674098 -2.44269618861016 -1.9889880393299
-3.28634495876167 -3.73794770902212 -0.585922759315923
-2.73950081167046 -3.33372122263482 -1.3456405438179
-1.74473701075762 -4.57022573674098 -2.44269618861016
-2.98558328882486 -3.28634495876167 -3.73794770902212
-2.38987572855411 -2.73950081167046 -3.33372122263482
-3.45247040571604 -1.74473701075762 -4.57022573674098
-2.73399140289038 -2.98558328882486 -3.28634495876167
-2.72853882455979 -2.38987572855411 -2.73950081167046
-4.22177235462734 -3.45247040571604 -1.74473701075762
-4.83088725557449 -2.73399140289038 -2.98558328882486
-3.70391173327437 -2.72853882455979 -2.38987572855411
-3.05266475242043 -4.22177235462734 -3.45247040571604
-3.29539958098368 -4.83088725557449 -2.73399140289038
-3.84600718148618 -3.70391173327437 -2.72853882455979
-5.39034248902938 -3.05266475242043 -4.22177235462734
-5.65986038770245 -3.29539958098368 -4.83088725557449
-6.33075079039919 -3.84600718148618 -3.70391173327437
-5.01218524588694 -5.39034248902938 -3.05266475242043
-4.87601567160798 -5.65986038770245 -3.29539958098368
-6.69026756293011 -6.33075079039919 -3.84600718148618
-7.9891916384389 -5.01218524588694 -5.39034248902938
-7.89837083657994 -4.87601567160798 -5.65986038770245
-8.3585534161905 -6.69026756293011 -6.33075079039919
-7.94353207636609 -7.9891916384389 -5.01218524588694
-7.67342180951449 -7.89837083657994 -4.87601567160798
-6.71985089836931 -8.3585534161905 -6.69026756293011
-4.83002617085249 -7.94353207636609 -7.9891916384389
-5.92559503747863 -7.67342180951449 -7.89837083657994
-5.58814931496428 -6.71985089836931 -8.3585534161905
-6.07726213711392 -4.83002617085249 -7.94353207636609
-5.7040527179403 -5.92559503747863 -7.67342180951449
-5.35139430472032 -5.58814931496428 -6.71985089836931
-6.10483531405115 -6.07726213711392 -4.83002617085249
-6.58018303201415 -5.7040527179403 -5.92559503747863
-5.07892159782708 -5.35139430472032 -5.58814931496428
-4.78849756905824 -6.10483531405115 -6.07726213711392
-3.65935010904419 -6.58018303201415 -5.7040527179403
-4.71829794061222 -5.07892159782708 -5.35139430472032
-4.10016808412738 -4.78849756905824 -6.10483531405115
-3.88180466045362 -3.65935010904419 -6.58018303201415
-5.30636832272905 -4.71829794061222 -5.07892159782708
-6.59384836725834 -4.10016808412738 -4.78849756905824
-4.6313364800267 -3.88180466045362 -3.65935010904419
-3.23570545769568 -5.30636832272905 -4.71829794061222
-2.42749779058895 -6.59384836725834 -4.10016808412738
-1.71560887992539 -4.6313364800267 -3.88180466045362
-0.281074792204797 -3.23570545769568 -5.30636832272905
-0.614655847261282 -2.42749779058895 -6.59384836725834
-0.593824649187419 -1.71560887992539 -4.6313364800267
-0.723367082548103 -0.281074792204797 -3.23570545769568
-0.496937458753261 -0.614655847261282 -2.42749779058895
-1.0090695801976 -0.593824649187419 -1.71560887992539
-3.09565443336111e-2 -0.723367082548103 -0.281074792204797
-0.687927918885624 -0.496937458753261 -0.614655847261282
-1.20844436385796 -1.0090695801976 -0.593824649187419
1.30639800705585 -3.09565443336111e-2 -0.723367082548103
1.29304955694077 -0.687927918885624 -0.496937458753261
1.00003037098476 -1.20844436385796 -1.0090695801976
0.610043737456568 1.30639800705585 -3.09565443336111e-2
0.401095010028905 1.29304955694077 -0.687927918885624
-3.24094865330079e-2 1.00003037098476 -1.20844436385796
0.845581703043649 0.610043737456568 1.30639800705585
1.50411698150235 0.401095010028905 1.29304955694077
0.324843888368872 -3.24094865330079e-2 1.00003037098476
-0.333974033149786 0.845581703043649 0.610043737456568
-0.983389934311097 1.50411698150235 0.401095010028905
-1.68655724530941 0.324843888368872 -3.24094865330079e-2
-2.50138535538483 -0.333974033149786 0.845581703043649
-1.29026249399355 -0.983389934311097 1.50411698150235
0.611923092468585 -1.68655724530941 0.324843888368872
-0.333575816771706 -2.50138535538483 -0.333974033149786
-6.73908623169745e-2 -1.29026249399355 -0.983389934311097
-2.28836848333769 0.611923092468585 -1.68655724530941
-2.13811991893102 -0.333575816771706 -2.50138535538483
-2.51317469852317 -6.73908623169745e-2 -1.29026249399355
-2.78881378256657 -2.28836848333769 0.611923092468585
-3.3530900838919 -2.13811991893102 -0.333575816771706
-2.66902777988878 -2.51317469852317 -6.73908623169745e-2
-2.66380956560169 -2.78881378256657 -2.28836848333769
-1.28292195931742 -3.3530900838919 -2.13811991893102
-2.98250475573676 -2.66902777988878 -2.51317469852317
-3.58082574320937 -2.66380956560169 -2.78881378256657
-3.9091867785733 -1.28292195931742 -3.3530900838919
-3.11677522822625 -2.98250475573676 -2.66902777988878
-2.16882273570441 -3.58082574320937 -2.66380956560169
-1.71605237222922 -3.9091867785733 -1.28292195931742
-2.70476878206977 -3.11677522822625 -2.98250475573676
-1.53812829938024 -2.16882273570441 -3.58082574320937
-1.83264756934765 -1.71605237222922 -3.9091867785733
-2.82060828692878 -2.70476878206977 -3.11677522822625
-2.9112159156929 -1.53812829938024 -2.16882273570441
-3.03631704034943 -1.83264756934765 -1.71605237222922
-3.18464735985675 -2.82060828692878 -2.70476878206977
-3.28295673259733 -2.9112159156929 -1.53812829938024
-2.38749873375348 -3.03631704034943 -1.83264756934765
-1.65370494547527 -3.18464735985675 -2.82060828692878
-2.73960981754216 -3.28295673259733 -2.9112159156929
-3.30880921023622 -2.38749873375348 -3.03631704034943
-1.48730507831791 -1.65370494547527 -3.18464735985675
0.341633056668278 -2.73960981754216 -3.28295673259733
-0.707610384066993 -3.30880921023622 -2.38749873375348
-1.17511009686272 -1.48730507831791 -1.65370494547527
-1.6505287449761 0.341633056668278 -2.73960981754216
-3.49074489781843 -0.707610384066993 -3.30880921023622
-1.5878391794837 -1.17511009686272 -1.48730507831791
-2.32912549449175 -1.6505287449761 0.341633056668278
-1.48859451998206 -3.49074489781843 -0.707610384066993
1.00652589487522 -1.5878391794837 -1.17511009686272
0.453215744110229 -2.32912549449175 -1.6505287449761
-0.552393882214535 -1.48859451998206 -3.49074489781843
-1.40288839118768 1.00652589487522 -1.5878391794837
-1.35094599812889 0.453215744110229 -2.32912549449175
-1.24948805995029 -0.552393882214535 -1.48859451998206
-0.908228576827032 -1.40288839118768 1.00652589487522
-0.359931577893813 -1.35094599812889 0.453215744110229
-0.163878668433613 -1.24948805995029 -0.552393882214535
0.660949509950092 -0.908228576827032 -1.40288839118768
6.7678765975866e-2 -0.359931577893813 -1.35094599812889
-1.1721601976304 -0.163878668433613 -1.24948805995029
-1.31242460545342 0.660949509950092 -0.908228576827032
-0.512455359775251 6.7678765975866e-2 -0.359931577893813
0.613781124487298 -1.1721601976304 -0.163878668433613
0.263210580897869 -1.31242460545342 0.660949509950092
0.241758237051343 -0.512455359775251 6.7678765975866e-2
1.62902149939668 0.613781124487298 -1.1721601976304
2.89391024651462 0.263210580897869 -1.31242460545342
2.41927125261856 0.241758237051343 -0.512455359775251
0.305749945786818 1.62902149939668 0.613781124487298
1.50324785492475 2.89391024651462 0.263210580897869
1.86169271507692 2.41927125261856 0.241758237051343
0.425522384932288 0.305749945786818 1.62902149939668
0.381353833362315 1.50324785492475 2.89391024651462
-0.331998874995801 1.86169271507692 2.41927125261856
-1.15477680857004 0.425522384932288 0.305749945786818
-1.12350720111248 0.381353833362315 1.50324785492475
-1.7815234147274 -0.331998874995801 1.86169271507692
-0.363149775412439 -1.15477680857004 0.425522384932288
2.63007245787797e-3 -1.12350720111248 0.381353833362315
-0.70417726543322 -1.7815234147274 -0.331998874995801
0.297598170564829 -0.363149775412439 -1.15477680857004
2.04797557315823 2.63007245787797e-3 -1.12350720111248
2.24544457631425 -0.70417726543322 -1.7815234147274
0.540330053988758 0.297598170564829 -0.363149775412439
1.67950571703668 2.04797557315823 2.63007245787797e-3
1.49237331798407 2.24544457631425 -0.70417726543322
2.07023592611932 0.540330053988758 0.297598170564829
1.72334967375929 1.67950571703668 2.04797557315823
3.09501942380038 1.49237331798407 2.24544457631425
3.95967687631988 2.07023592611932 0.540330053988758
5.01893512085159 1.72334967375929 1.67950571703668
5.80168504009805 3.09501942380038 1.49237331798407
4.43486283088863 3.95967687631988 2.07023592611932
5.53737364427847 5.01893512085159 1.72334967375929
6.2419245287973 5.80168504009805 3.09501942380038
5.41526211157512 4.43486283088863 3.95967687631988
4.65349309778862 5.53737364427847 5.01893512085159
3.34139963095162 6.2419245287973 5.80168504009805
3.34034085146131 5.41526211157512 4.43486283088863
3.73561326066951 4.65349309778862 5.53737364427847
3.4167267833261 3.34139963095162 6.2419245287973
1.34504477220063 3.34034085146131 5.41526211157512
0.418953321949597 3.73561326066951 4.65349309778862
0.331805919279478 3.4167267833261 3.34139963095162
0.544177943204107 1.34504477220063 3.34034085146131
0.520680860003321 0.418953321949597 3.73561326066951
0.84694114675063 0.331805919279478 3.4167267833261
0.57969521927532 0.544177943204107 1.34504477220063
0.265808232857633 0.520680860003321 0.418953321949597
1.93401900551918 0.84694114675063 0.331805919279478
2.20900839212161 0.57969521927532 0.544177943204107
1.61481439386067 0.265808232857633 0.520680860003321
1.78594066155984 1.93401900551918 0.84694114675063
2.81356655709599 2.20900839212161 0.57969521927532
3.2475152486111 1.61481439386067 0.265808232857633
1.58705763518132 1.78594066155984 1.93401900551918
4.45892584859823 2.81356655709599 2.20900839212161
3.01839748012221 3.2475152486111 1.61481439386067
4.57003826777674 1.58705763518132 1.78594066155984
5.05328039050884 4.45892584859823 2.81356655709599
4.92240026272528 3.01839748012221 3.2475152486111
5.93017870876434 4.57003826777674 1.58705763518132
6.47706313930114 5.05328039050884 4.45892584859823
7.21871319008282 4.92240026272528 3.01839748012221
6.76543271019163 5.93017870876434 4.57003826777674
6.8477122330534 6.47706313930114 5.05328039050884
6.7868179936823 7.21871319008282 4.92240026272528
6.81303100166719 6.76543271019163 5.93017870876434
8.23820384461661 6.8477122330534 6.47706313930114
5.95882394496037 6.7868179936823 7.21871319008282
5.0470219258763 6.81303100166719 6.76543271019163
4.16857098175214 8.23820384461661 6.8477122330534
5.18550593637217 5.95882394496037 6.7868179936823
4.67894982693705 5.0470219258763 6.81303100166719
5.10746945141375 4.16857098175214 8.23820384461661
6.64586230564541 5.18550593637217 5.95882394496037
7.42755385048393 4.67894982693705 5.0470219258763
7.22472172644027 5.10746945141375 4.16857098175214
6.40544681922437 6.64586230564541 5.18550593637217
5.46200433234237 7.42755385048393 4.67894982693705
5.60901203697 7.22472172644027 5.10746945141375
5.31560370227972 6.40544681922437 6.64586230564541
4.60284975457614 5.46200433234237 7.42755385048393
4.67753001341681 5.60901203697 7.22472172644027
4.61138790863114 5.31560370227972 6.40544681922437
6.56398725443679 4.60284975457614 5.46200433234237
6.87480858567072 4.67753001341681 5.60901203697
7.56113643822222 4.61138790863114 5.31560370227972
7.51374745398422 6.56398725443679 4.60284975457614
5.83784056525697 6.87480858567072 4.67753001341681
3.79556705239997 7.56113643822222 4.61138790863114
2.61773548786371 7.51374745398422 6.56398725443679
3.36247034996533 5.83784056525697 6.87480858567072
3.33158168863018 3.79556705239997 7.56113643822222
3.90521483951131 2.61773548786371 7.51374745398422
4.78802245312862 3.36247034996533 5.83784056525697
4.68815052744232 3.33158168863018 3.79556705239997
3.73169020034665 3.90521483951131 2.61773548786371
3.30040283379351 4.78802245312862 3.36247034996533
-2.01310967839587e-3 4.68815052744232 3.33158168863018
-0.395988428136754 3.73169020034665 3.90521483951131
1.91155198431986 3.30040283379351 4.78802245312862
2.91028315646327 -2.01310967839587e-3 4.68815052744232
1.54219650028644 -0.395988428136754 3.73169020034665
2.9097104969198 1.91155198431986 3.30040283379351
1.26543468208726 2.91028315646327 -2.01310967839587e-3
0.332756160395712 1.54219650028644 -0.395988428136754
0.27116780982624 2.9097104969198 1.91155198431986
-0.849866309929503 1.26543468208726 2.91028315646327
-2.10226555291943 0.332756160395712 1.54219650028644
-2.3127644363984 0.27116780982624 2.9097104969198
-1.73445597667218 -0.849866309929503 1.26543468208726
-0.469116151937461 -2.10226555291943 0.332756160395712
-1.59181751346049 -2.3127644363984 0.27116780982624
0.339437773454046 -1.73445597667218 -0.849866309929503
-0.528428223886429 -0.469116151937461 -2.10226555291943
-5.73915005568159e-2 -1.59181751346049 -2.3127644363984
-0.530392431751292 0.339437773454046 -1.73445597667218
-0.349869297006344 -0.528428223886429 -0.469116151937461
0.348688439033798 -5.73915005568159e-2 -1.59181751346049
-1.63949705203163 -0.530392431751292 0.339437773454046
-1.81241756668599 -0.349869297006344 -0.528428223886429
-0.577649293917442 0.348688439033798 -5.73915005568159e-2
-1.67901348454467 -1.63949705203163 -0.530392431751292
-2.2794041116191 -1.81241756668599 -0.349869297006344
-2.49220581047675 -0.577649293917442 0.348688439033798
-1.78866488064724 -1.67901348454467 -1.63949705203163
-1.02541204343469 -2.2794041116191 -1.81241756668599
-1.83103610071326 -2.49220581047675 -0.577649293917442
-1.45281881541706 -1.78866488064724 -1.67901348454467
-2.48413431605617 -1.02541204343469 -2.2794041116191
-1.03359511722609 -1.83103610071326 -2.49220581047675
-1.82562386254137 -1.45281881541706 -1.78866488064724
-2.35899364580715 -2.48413431605617 -1.02541204343469
-2.98369140541125 -1.03359511722609 -1.83103610071326
-4.15141706564759 -1.82562386254137 -1.45281881541706
-4.45377669939158 -2.35899364580715 -2.48413431605617
-3.98919592698638 -2.98369140541125 -1.03359511722609
-2.55544590289781 -4.15141706564759 -1.82562386254137
-0.483865978434023 -4.45377669939158 -2.35899364580715
-0.377992641841017 -3.98919592698638 -2.98369140541125
-0.57497106810713 -2.55544590289781 -4.15141706564759
-0.129195633766529 -0.483865978434023 -4.45377669939158
-0.324440691032911 -0.377992641841017 -3.98919592698638
-1.16774661777 -0.57497106810713 -2.55544590289781
-1.39924572175163 -0.129195633766529 -0.483865978434023
-1.51639457117322 -0.324440691032911 -0.377992641841017
-1.0974680360491 -1.16774661777 -0.57497106810713
-0.99353747866151 -1.39924572175163 -0.129195633766529
-0.863540634220661 -1.51639457117322 -0.324440691032911
-2.4358166000371 -1.0974680360491 -1.16774661777
-5.71840072660913 -0.99353747866151 -1.39924572175163
-6.74009420592769 -0.863540634220661 -1.51639457117322
-8.36346343820883 -2.4358166000371 -1.0974680360491
-9.3738073563337 -5.71840072660913 -0.99353747866151
-8.02459277305429 -6.74009420592769 -0.863540634220661
-8.48118412063366 -8.36346343820883 -2.4358166000371
-7.83000613808258 -9.3738073563337 -5.71840072660913
-8.39306773812886 -8.02459277305429 -6.74009420592769
-8.73851988729715 -8.48118412063366 -8.36346343820883
-8.61076869857851 -7.83000613808258 -9.3738073563337
-8.7823315246263 -8.39306773812886 -8.02459277305429
-9.39513642433555 -8.73851988729715 -8.48118412063366
-8.38316684581167 -8.61076869857851 -7.83000613808258
-8.72138625617447 -8.7823315246263 -8.39306773812886
-8.61446652379132 -9.39513642433555 -8.73851988729715
-9.91365281132842 -8.38316684581167 -8.61076869857851
-9.0498247385123 -8.72138625617447 -8.7823315246263
-9.79315178278169 -8.61446652379132 -9.39513642433555
-8.85346382845156 -9.91365281132842 -8.38316684581167
-7.31048090218046 -9.0498247385123 -8.72138625617447
-6.69967213814677 -9.79315178278169 -8.61446652379132
-7.0282412386663 -8.85346382845156 -9.91365281132842
-7.97151945081081 -7.31048090218046 -9.0498247385123
-6.2125654697612 -6.69967213814677 -9.79315178278169
-5.91945806588438 -7.0282412386663 -8.85346382845156
-6.26751244539231 -7.97151945081081 -7.31048090218046
-7.08569592963784 -6.2125654697612 -6.69967213814677
-6.43191062970778 -5.91945806588438 -7.0282412386663
-7.08096410110856 -6.26751244539231 -7.97151945081081
-5.99523332927634 -7.08569592963784 -6.2125654697612
-6.07181699102488 -6.43191062970778 -5.91945806588438
-6.15024673283655 -7.08096410110856 -6.26751244539231
-5.87164735716722 -5.99523332927634 -7.08569592963784
-5.50023275079565 -6.07181699102488 -6.43191062970778
-5.54093091503936 -6.15024673283655 -7.08096410110856
-6.51827486266951 -5.87164735716722 -5.99523332927634
-7.43259428860037 -5.50023275079565 -6.07181699102488
-8.01086665922771 -5.54093091503936 -6.15024673283655
-8.76563530989001 -6.51827486266951 -5.87164735716722
-9.10380746685309 -7.43259428860037 -5.50023275079565
-8.33785715789531 -8.01086665922771 -5.54093091503936
-7.15113710617653 -8.76563530989001 -6.51827486266951
-7.36804821815117 -9.10380746685309 -7.43259428860037
-7.39310440871595 -8.33785715789531 -8.01086665922771
-5.43110408581979 -7.15113710617653 -8.76563530989001
-4.83494459669629 -7.36804821815117 -9.10380746685309
-4.48685909728605 -7.39310440871595 -8.33785715789531
-3.84150541513827 -5.43110408581979 -7.15113710617653
-3.00187363295649 -4.83494459669629 -7.36804821815117
-1.0264495765493 -4.48685909728605 -7.39310440871595
-0.126450008399327 -3.84150541513827 -5.43110408581979
6.66470759822202e-2 -3.00187363295649 -4.83494459669629
0.741535439463376 -1.0264495765493 -4.48685909728605
0.682326820705538 -0.126450008399327 -3.84150541513827
-0.497781662432308 6.66470759822202e-2 -3.00187363295649
-0.286174565074351 0.741535439463376 -1.0264495765493
-1.39870097392141 0.682326820705538 -0.126450008399327
-1.98418448609702 -0.497781662432308 6.66470759822202e-2
-2.83341401093527 -0.286174565074351 0.741535439463376
-3.94428153084941 -1.39870097392141 0.682326820705538
-4.42552885979702 -1.98418448609702 -0.497781662432308
-3.91942358094954 -2.83341401093527 -0.286174565074351
-3.25646100411243 -3.94428153084941 -1.39870097392141
-4.08710007156846 -4.42552885979702 -1.98418448609702
-4.71894479987701 -3.91942358094954 -2.83341401093527
-3.84881196537259 -3.25646100411243 -3.94428153084941
-4.05994717734727 -4.08710007156846 -4.42552885979702
-2.47292457395932 -4.71894479987701 -3.91942358094954
-3.30841760639233 -3.84881196537259 -3.25646100411243
-2.44899250725352 -4.05994717734727 -4.08710007156846
-0.181086643397615 -2.47292457395932 -4.71894479987701
-1.30393149881273 -3.30841760639233 -3.84881196537259
-1.32338961919936 -2.44899250725352 -4.05994717734727
-0.66401964654255 -0.181086643397615 -2.47292457395932
-2.18361840956478e-2 -1.30393149881273 -3.30841760639233
-7.68872772892898e-3 -1.32338961919936 -2.44899250725352
-1.1247421694975 -0.66401964654255 -0.181086643397615
-1.22251023007501 -2.18361840956478e-2 -1.30393149881273
6.05453449520734e-2 -7.68872772892898e-3 -1.32338961919936
0.249187774195991 -1.1247421694975 -0.66401964654255
1.95724974787428 -1.22251023007501 -2.18361840956478e-2
1.07199369501147 6.05453449520734e-2 -7.68872772892898e-3
3.23385315332741 0.249187774195991 -1.1247421694975
2.21987352232552 1.95724974787428 -1.22251023007501
0.598810873069632 1.07199369501147 6.05453449520734e-2
-0.191961408334927 3.23385315332741 0.249187774195991
-0.454792436770195 2.21987352232552 1.95724974787428
0.122562840644016 0.598810873069632 1.07199369501147
1.08980512380849 -0.191961408334927 3.23385315332741
1.17561135267596 -0.454792436770195 2.21987352232552
1.68423208501332 0.122562840644016 0.598810873069632
2.77839792567974 1.08980512380849 -0.191961408334927
1.96508908221468 1.17561135267596 -0.454792436770195
0.968417562499763 1.68423208501332 0.122562840644016
-9.0302694313148e-2 2.77839792567974 1.08980512380849
1.91464260362387 1.96508908221468 1.17561135267596
0.810455630909639 0.968417562499763 1.68423208501332
-0.989544265271184 -9.0302694313148e-2 2.77839792567974
-0.504917269709787 1.91464260362387 1.96508908221468
-7.71194705388937e-2 0.810455630909639 0.968417562499763
-0.360168896940865 -0.989544265271184 -9.0302694313148e-2
-1.42581603817122 -0.504917269709787 1.91464260362387
0.242099511911808 -7.71194705388937e-2 0.810455630909639
0.621944476659911 -0.360168896940865 -0.989544265271184
1.24935851842323 -1.42581603817122 -0.504917269709787
1.65905473811253 0.242099511911808 -7.71194705388937e-2
1.67032434656801 0.621944476659911 -0.360168896940865
2.6169590048979 1.24935851842323 -1.42581603817122
3.20587741114311 1.65905473811253 0.242099511911808
4.58325930705374 1.67032434656801 0.621944476659911
5.06485493041009 2.6169590048979 1.24935851842323
5.8088125438715 3.20587741114311 1.65905473811253
4.29584398936714 4.58325930705374 1.67032434656801
3.92763917715978 5.06485493041009 2.6169590048979
2.78252373381714 5.8088125438715 3.20587741114311
2.9065474751911 4.29584398936714 4.58325930705374
3.55311296932781 3.92763917715978 5.06485493041009
4.04741939347527 2.78252373381714 5.8088125438715
4.32481917867009 2.9065474751911 4.29584398936714
5.50408607799534 3.55311296932781 3.92763917715978
4.70977529680775 4.04741939347527 2.78252373381714
4.18713918233514 4.32481917867009 2.9065474751911
2.4328623970867 5.50408607799534 3.55311296932781
2.37793060947403 4.70977529680775 4.04741939347527
1.93840732898954 4.18713918233514 4.32481917867009
2.09282595485682 2.4328623970867 5.50408607799534
0.68109017074933 2.37793060947403 4.70977529680775
1.84253159862799 1.93840732898954 4.18713918233514
2.60061280091508 2.09282595485682 2.4328623970867
2.7057360441745 0.68109017074933 2.37793060947403
3.16019116993266 1.84253159862799 1.93840732898954
1.63671051442055 2.60061280091508 2.09282595485682
-0.760348545225612 2.7057360441745 0.68109017074933
-1.56360578842949 3.16019116993266 1.84253159862799
-0.937699672079186 1.63671051442055 2.60061280091508
-1.09109156398349 -0.760348545225612 2.7057360441745
-2.93185338619302 -1.56360578842949 3.16019116993266
-1.91055177182271 -0.937699672079186 1.63671051442055
-2.62263818544138 -1.09109156398349 -0.760348545225612
-3.93173508151607 -2.93185338619302 -1.56360578842949
-5.22293072401633 -1.91055177182271 -0.937699672079186
-4.67691099885719 -2.62263818544138 -1.09109156398349
-3.50473349610096 -3.93173508151607 -2.93185338619302
-2.99817016045807 -5.22293072401633 -1.91055177182271
-2.76871214389354 -4.67691099885719 -2.62263818544138
-3.12231225168991 -3.50473349610096 -3.93173508151607
-3.47818306440129 -2.99817016045807 -5.22293072401633
-2.55128136979915 -2.76871214389354 -4.67691099885719
-3.03361801190745 -3.12231225168991 -3.50473349610096
-2.24008543919159 -3.47818306440129 -2.99817016045807
-2.58253808987968 -2.55128136979915 -2.76871214389354
-3.20614141842201 -3.03361801190745 -3.12231225168991
-2.68586125038561 -2.24008543919159 -3.47818306440129
-2.93642611397989 -2.58253808987968 -2.55128136979915
-1.11363805495151 -3.20614141842201 -3.03361801190745
-2.1923721626433 -2.68586125038561 -2.24008543919159
-3.23864099818787 -2.93642611397989 -2.58253808987968
-3.8426110722684 -1.11363805495151 -3.20614141842201
-3.91898551166534 -2.1923721626433 -2.68586125038561
-2.68644988089401 -3.23864099818787 -2.93642611397989
-0.574715815935229 -3.8426110722684 -1.11363805495151
0.164124431361328 -3.91898551166534 -2.1923721626433
0.868981028865666 -2.68644988089401 -3.23864099818787
1.15144413902468 -0.574715815935229 -3.8426110722684
2.4741240237418 0.164124431361328 -3.91898551166534
0.760879278059959 0.868981028865666 -2.68644988089401
1.30351118070099 1.15144413902468 -0.574715815935229
1.66734988304941 2.4741240237418 0.164124431361328
2.24207252154193 0.760879278059959 0.868981028865666
0.846282201745176 1.30351118070099 1.15144413902468
1.84028410312612 1.66734988304941 2.4741240237418
1.5645662935105 2.24207252154193 0.760879278059959
1.68748675902638 0.846282201745176 1.30351118070099
2.38268065344657 1.84028410312612 1.66734988304941
1.71943225375851 1.5645662935105 2.24207252154193
1.41398061308028 1.68748675902638 0.846282201745176
0.437464511248898 2.38268065344657 1.84028410312612
-0.308389894644823 1.71943225375851 1.5645662935105
-1.82772176318928 1.41398061308028 1.68748675902638
-1.67891630297946 0.437464511248898 2.38268065344657
-0.12780204683906 -0.308389894644823 1.71943225375851
-1.3368040783369 -1.82772176318928 1.41398061308028
-2.15664506479562 -1.67891630297946 0.437464511248898
-1.80182694164981 -0.12780204683906 -0.308389894644823
-1.78522606539931 -1.3368040783369 -1.82772176318928
0.468349079414638 -2.15664506479562 -1.67891630297946
2.5036899864761 -1.80182694164981 -0.12780204683906
2.05588464213245 -1.78522606539931 -1.3368040783369
1.52893043353489 0.468349079414638 -2.15664506479562
2.171232566282 2.5036899864761 -1.80182694164981
2.09507306100631 2.05588464213245 -1.78522606539931
1.45350623811261 1.52893043353489 0.468349079414638
1.73193658021225 2.171232566282 2.5036899864761
2.64412720057238 2.09507306100631 2.05588464213245
2.51062520943008 1.45350623811261 1.52893043353489
4.51732701799999 1.73193658021225 2.171232566282
3.09219765660586 2.64412720057238 2.09507306100631
0.521108484141989 2.51062520943008 1.45350623811261
2.39093216024641 4.51732701799999 1.73193658021225
2.78921612155002 3.09219765660586 2.64412720057238
2.45045530459244 0.521108484141989 2.51062520943008
4.16357976402145 2.39093216024641 4.51732701799999
4.52426344416926 2.78921612155002 3.09219765660586
6.05766628725088 2.45045530459244 0.521108484141989
7.01240681297751 4.16357976402145 2.39093216024641
7.06116747442736 4.52426344416926 2.78921612155002
7.32809241900876 6.05766628725088 2.45045530459244
7.74319175735777 7.01240681297751 4.16357976402145
8.63716720120506 7.06116747442736 4.52426344416926
8.82989261647641 7.32809241900876 6.05766628725088
8.41083405094674 7.74319175735777 7.01240681297751
8.78652708967468 8.63716720120506 7.06116747442736
8.0203535891078 8.82989261647641 7.32809241900876
6.74777720137605 8.41083405094674 7.74319175735777
7.10976041643861 8.78652708967468 8.63716720120506
6.94907567661405 8.0203535891078 8.82989261647641
5.80623242730955 6.74777720137605 8.41083405094674
4.61317141615914 7.10976041643861 8.78652708967468
5.22496338494767 6.94907567661405 8.0203535891078
4.35884355583031 5.80623242730955 6.74777720137605
2.93234333583361 4.61317141615914 7.10976041643861
2.88632308485001 5.22496338494767 6.94907567661405
5.40684094911794 4.35884355583031 5.80623242730955
4.01247395561929 2.93234333583361 4.61317141615914
4.46438300432387 2.88632308485001 5.22496338494767
4.8252524053951 5.40684094911794 4.35884355583031
4.67589724893002 4.01247395561929 2.93234333583361
5.71125318147206 4.46438300432387 2.88632308485001
6.68790762583566 4.8252524053951 5.40684094911794
5.71055154252252 4.67589724893002 4.01247395561929
6.06233135262898 5.71125318147206 4.46438300432387
7.86519904698314 6.68790762583566 4.8252524053951
10.016597575456 5.71055154252252 4.67589724893002
11.2193943367277 6.06233135262898 5.71125318147206
9.82098034110607 7.86519904698314 6.68790762583566
10.2889225318986 10.016597575456 5.71055154252252
9.62770246823318 11.2193943367277 6.06233135262898
9.92059633489142 9.82098034110607 7.86519904698314
10.078187060656 10.2889225318986 10.016597575456
9.6572636496624 9.62770246823318 11.2193943367277
8.7779368982065 9.92059633489142 9.82098034110607
10.445484848026 10.078187060656 10.2889225318986
9.036431657825 9.6572636496624 9.62770246823318
8.73762083547757 8.7779368982065 9.92059633489142
8.69701471984012 10.445484848026 10.078187060656
8.20172801733455 9.036431657825 9.6572636496624
7.72361058212408 8.73762083547757 8.7779368982065
10.0452470129284 8.69701471984012 10.445484848026
9.64539686766789 8.20172801733455 9.036431657825
9.39484422164138 7.72361058212408 8.73762083547757
11.1017657507282 10.0452470129284 8.69701471984012
10.6543658270207 9.64539686766789 8.20172801733455
9.72433836469556 9.39484422164138 7.72361058212408
11.4145655997514 11.1017657507282 10.0452470129284
10.413497450606 10.6543658270207 9.64539686766789
8.55979339374259 9.72433836469556 9.39484422164138
8.82800839565458 11.4145655997514 11.1017657507282
8.81686165586316 10.413497450606 10.6543658270207
8.69577261184189 8.55979339374259 9.72433836469556
7.7101317759336 8.82800839565458 11.4145655997514
7.4778570778703 8.81686165586316 10.413497450606
6.7060030710555 8.69577261184189 8.55979339374259
7.19184975903889 7.7101317759336 8.82800839565458
7.35630730082606 7.4778570778703 8.81686165586316
9.04917907444085 6.7060030710555 8.69577261184189
9.71610657201998 7.19184975903889 7.7101317759336
10.0057302292078 7.35630730082606 7.4778570778703
10.0407011739841 9.04917907444085 6.7060030710555
8.19959844187095 9.71610657201998 7.19184975903889
5.67531850013725 10.0057302292078 7.35630730082606
4.90057532156735 10.0407011739841 9.04917907444085
4.26767741761698 8.19959844187095 9.71610657201998
3.58847228267639 5.67531850013725 10.0057302292078
4.85345440791693 4.90057532156735 10.0407011739841
4.08672453630204 4.26767741761698 8.19959844187095
3.27698593573012 3.58847228267639 5.67531850013725
3.5794516512363 4.85345440791693 4.90057532156735
3.31359249952297 4.08672453630204 4.26767741761698
1.19901527534183 3.27698593573012 3.58847228267639
1.70940711443058 3.5794516512363 4.85345440791693
3.04901383534884 3.31359249952297 4.08672453630204
2.12099732669937 1.19901527534183 3.27698593573012
2.71002878948721 1.70940711443058 3.5794516512363
2.67781471039004 3.04901383534884 3.31359249952297
4.48293453961562 2.12099732669937 1.19901527534183
3.78228552576833 2.71002878948721 1.70940711443058
4.61021504786043 2.67781471039004 3.04901383534884
4.28993690877733 4.48293453961562 2.12099732669937
3.58336492064818 3.78228552576833 2.71002878948721
4.48213454577836 4.61021504786043 2.67781471039004
4.61122345249653 4.28993690877733 4.48293453961562
4.19982493048026 3.58336492064818 3.78228552576833
5.60003140698168 4.48213454577836 4.61021504786043
7.12645640288487 4.61122345249653 4.28993690877733
8.41667029494473 4.19982493048026 3.58336492064818
8.36644001658954 5.60003140698168 4.48213454577836
10.1335814624386 7.12645640288487 4.61122345249653
9.81237277634508 8.41667029494473 4.19982493048026
11.0292225060405 8.36644001658954 5.60003140698168
10.4218802208003 10.1335814624386 7.12645640288487
10.3494188891766 9.81237277634508 8.41667029494473
11.6653373317182 11.0292225060405 8.36644001658954
11.1500964543864 10.4218802208003 10.1335814624386
10.0333233891478 10.3494188891766 9.81237277634508
9.16892460260555 11.6653373317182 11.0292225060405
8.55149728535091 11.1500964543864 10.4218802208003
7.26254206137048 10.0333233891478 10.3494188891766
6.62104554288718 9.16892460260555 11.6653373317182
8.23987948931701 8.55149728535091 11.1500964543864
9.22857642637662 7.26254206137048 10.0333233891478
8.16746836814419 6.62104554288718 9.16892460260555
7.59037470909449 8.23987948931701 8.55149728535091
8.05731424271882 9.22857642637662 7.26254206137048
9.30888512655124 8.16746836814419 6.62104554288718
9.20929327604295 7.59037470909449 8.23987948931701
9.91485037657619 8.05731424271882 9.22857642637662
9.74304763785376 9.30888512655124 8.16746836814419
8.24689727584446 9.20929327604295 7.59037470909449
8.50965978612609 9.91485037657619 8.05731424271882
8.32694550631312 9.74304763785376 9.30888512655124
9.1292793178491 8.24689727584446 9.20929327604295
9.23172945791333 8.50965978612609 9.91485037657619
8.65451712491338 8.32694550631312 9.74304763785376
9.57151683239908 9.1292793178491 8.24689727584446
11.3253139963253 9.23172945791333 8.50965978612609
10.470076349917 8.65451712491338 8.32694550631312
11.6387415692306 9.57151683239908 9.1292793178491
12.0962647124816 11.3253139963253 9.23172945791333
12.2737424926067 10.470076349917 8.65451712491338
12.4089172594102 11.6387415692306 9.57151683239908
10.7750979004428 12.0962647124816 11.3253139963253
10.4342991519239 12.2737424926067 10.470076349917
13.0735895209956 12.4089172594102 11.6387415692306
12.4553316159261 10.7750979004428 12.0962647124816
11.5174957275323 10.4342991519239 12.2737424926067
13.1005413323736 13.0735895209956 12.4089172594102
13.2063997959284 12.4553316159261 10.7750979004428
14.0674572386126 11.5174957275323 10.4342991519239
16.1473967119131 13.1005413323736 13.0735895209956
14.1598703677881 13.2063997959284 12.4553316159261
16.0080714539841 14.0674572386126 11.5174957275323
17.0516850464582 16.1473967119131 13.1005413323736
15.7354094639047 14.1598703677881 13.2063997959284
16.3320821699055 16.0080714539841 14.0674572386126
15.9588075032333 17.0516850464582 16.1473967119131
15.9501480996144 15.7354094639047 14.1598703677881
14.6671021133644 16.3320821699055 16.0080714539841
14.7282955986657 15.9588075032333 17.0516850464582
15.1143384031011 15.9501480996144 15.7354094639047
15.2720192555924 14.6671021133644 16.3320821699055
13.6322116221838 14.7282955986657 15.9588075032333
13.8102825095977 15.1143384031011 15.9501480996144
15.3784053680392 15.2720192555924 14.6671021133644
15.0477212694792 13.6322116221838 14.7282955986657
16.5538863345748 13.8102825095977 15.1143384031011
17.9589716374651 15.3784053680392 15.2720192555924
17.1681645518956 15.0477212694792 13.6322116221838
16.5041738889871 16.5538863345748 13.8102825095977
15.9869621188515 17.9589716374651 15.3784053680392
16.9233160593386 17.1681645518956 15.0477212694792
17.1648969004635 16.5041738889871 16.5538863345748
16.5730049607333 15.9869621188515 17.9589716374651
16.3695855483031 16.9233160593386 17.1681645518956
15.816912913441 17.1648969004635 16.5041738889871
14.8759958884204 16.5730049607333 15.9869621188515
15.7830754105998 16.3695855483031 16.9233160593386
16.4337601148672 15.816912913441 17.1648969004635
16.0311925846368 14.8759958884204 16.5730049607333
15.5947188672059 15.7830754105998 16.3695855483031
15.706088702107 16.4337601148672 15.816912913441
15.6298788260369 16.0311925846368 14.8759958884204
17.0313476753834 15.5947188672059 15.7830754105998
17.4755017496707 15.706088702107 16.4337601148672
16.2355141079306 15.6298788260369 16.0311925846368
16.858827007483 17.0313476753834 15.5947188672059
16.8581036366313 17.4755017496707 15.706088702107
17.1949650630788 16.2355141079306 15.6298788260369
17.0163315220706 16.858827007483 17.0313476753834
18.1857562602377 16.8581036366313 17.4755017496707
19.6685866533598 17.1949650630788 16.2355141079306
20.8497213964064 17.0163315220706 16.858827007483
21.7161465215727 18.1857562602377 16.8581036366313
19.8970041433983 19.6685866533598 17.1949650630788
18.6664351650679 20.8497213964064 17.0163315220706
18.4043603229812 21.7161465215727 18.1857562602377
19.1929767656449 19.8970041433983 19.6685866533598
18.0008099625134 18.6664351650679 20.8497213964064
17.6666128132675 18.4043603229812 21.7161465215727
18.212117891219 19.1929767656449 19.8970041433983
18.856938292787 18.0008099625134 18.6664351650679
18.5087145159496 17.6666128132675 18.4043603229812
17.3155389576856 18.212117891219 19.1929767656449
16.5730900771241 18.856938292787 18.0008099625134
17.3528659392781 18.5087145159496 17.6666128132675
17.7061769214523 17.3155389576856 18.212117891219
17.7225460924897 16.5730900771241 18.856938292787
15.965295864221 17.3528659392781 18.5087145159496
15.9383394731463 17.7061769214523 17.3155389576856
15.5572572728914 17.7225460924897 16.5730900771241
14.6327705571856 15.965295864221 17.3528659392781
12.7653952856582 15.9383394731463 17.7061769214523
11.7336923820422 15.5572572728914 17.7225460924897
10.3018161871124 14.6327705571856 15.965295864221
9.12179986470265 12.7653952856582 15.9383394731463
9.01311272476353 11.7336923820422 15.5572572728914
9.77237900412739 10.3018161871124 14.6327705571856
11.4832213924874 9.12179986470265 12.7653952856582
12.1013948456227 9.01311272476353 11.7336923820422
12.3903640492764 9.77237900412739 10.3018161871124
12.0879580281746 11.4832213924874 9.12179986470265
11.2106362094851 12.1013948456227 9.01311272476353
13.2769387697925 12.3903640492764 9.77237900412739
12.7586066796271 12.0879580281746 11.4832213924874
12.7358627833007 11.2106362094851 12.1013948456227
13.2758395580751 13.2769387697925 12.3903640492764
14.7877548291453 12.7586066796271 12.0879580281746
15.1641020042549 12.7358627833007 11.2106362094851
14.3148009692246 13.2758395580751 13.2769387697925
14.6146729267453 14.7877548291453 12.7586066796271
14.6342150192891 15.1641020042549 12.7358627833007
13.0187420054078 14.3148009692246 13.2758395580751
12.4887883228415 14.6146729267453 14.7877548291453
13.1397230574803 14.6342150192891 15.1641020042549
14.6917814461626 13.0187420054078 14.3148009692246
14.9143863571828 12.4887883228415 14.6146729267453
15.1569943077134 13.1397230574803 14.6342150192891
15.1224230587401 14.6917814461626 13.0187420054078
15.0702528517861 14.9143863571828 12.4887883228415
14.9070576549232 15.1569943077134 13.1397230574803
14.279636706778 15.1224230587401 14.6917814461626
14.1791808942991 15.0702528517861 14.9143863571828
13.4299055898622 14.9070576549232 15.1569943077134
14.5070476282178 14.279636706778 15.1224230587401
16.0051695961499 14.1791808942991 15.0702528517861
18.0385485601356 13.4299055898622 14.9070576549232
19.3388490165451 14.5070476282178 14.279636706778
18.4364038875988 16.0051695961499 14.1791808942991
18.8436053044935 18.0385485601356 13.4299055898622
20.6622832311191 19.3388490165451 14.5070476282178
19.9731314279535 18.4364038875988 16.0051695961499
19.624700979109 18.8436053044935 18.0385485601356
20.4835212237594 20.6622832311191 19.3388490165451
19.2346461033291 19.9731314279535 18.4364038875988
17.5935041630582 19.624700979109 18.8436053044935
18.2462297746942 20.4835212237594 20.6622832311191
16.588980564497 19.2346461033291 19.9731314279535
15.7081367039963 17.5935041630582 19.624700979109
15.9431805743693 18.2462297746942 20.4835212237594
17.0480076741761 16.588980564497 19.2346461033291
17.3916630313231 15.7081367039963 17.5935041630582
19.3183776151154 15.9431805743693 18.2462297746942
20.5412235661115 17.0480076741761 16.588980564497
19.3964686850075 17.3916630313231 15.7081367039963
18.8128286327891 19.3183776151154 15.9431805743693
17.9936322635236 20.5412235661115 17.0480076741761
19.3430026186542 19.3964686850075 17.3916630313231
19.319001361883 18.8128286327891 19.3183776151154
20.6995786672545 17.9936322635236 20.5412235661115
21.9245751353668 19.3430026186542 19.3964686850075
20.9002966684039 19.319001361883 18.8128286327891
20.9736100348919 20.6995786672545 17.9936322635236
21.6364627400223 21.9245751353668 19.3430026186542
21.4598251406865 20.9002966684039 19.319001361883
21.0717023094052 20.9736100348919 20.6995786672545
21.2327864655768 21.6364627400223 21.9245751353668
20.0905975383841 21.4598251406865 20.9002966684039
21.0017169082552 21.0717023094052 20.9736100348919
23.0021557876531 21.2327864655768 21.6364627400223
21.9556125957335 20.0905975383841 21.4598251406865
21.7513459210886 21.0017169082552 21.0717023094052
23.7556819473788 23.0021557876531 21.2327864655768
23.7103796527249 21.9556125957335 20.0905975383841
23.18097242226 21.7513459210886 21.0017169082552
22.7194370327898 23.7556819473788 23.0021557876531
22.2454108895595 23.7103796527249 21.9556125957335
